	16,16,14,12,7,12,12,16,16,16,16,16,6,12,19,16,20,12,16,19,
1601	5,
1772	16,
1782	16,
1784	12,
1814	8,7,
1815	12,
1829	12,
1833	20,
1840	17,14,
1843	16,
1845	12,
1847	16,
1850	8,16,16,
1852	16,16,
1854	8,
1857	16,18,
1859	16,16,
1860	12,12,12,12,
1862	9,16,19,12,16,
1863	16,
1865	12,12,
1868	16,
1870	12,12,12,
1871	12,
1872	12,16,16,
1873	19,
1875	12,
1879	11,8,
1880	20,
1882	16,3,16,
1893	16,
1894	13,
1895	16,12,16,
1896	16,
1897	16,
1900	12,8,
1905	5,16,
1906	16,12,
1907	16,
1913	19,
1918	12,
1930	12,12,
1933	15,
1935	4,12,14,7,
1939	13,
1945	19,
